0 81738353 70498951 52966895 36555354 140139404 4416480 7214447 111051008 52450590 
81738353 0 6760987 131774294 86600575 4625898 36963540 71294172 82686833 67590610 
70498951 6760987 0 102594618 36863460 5408026 55998735 50588790 41184868 64823487 
52966895 131774294 102594618 0 102291242 65518510 61863043 29039343 3584407 36251516 
36555354 86600575 36863460 102291242 0 84383966 2092736 145679650 132970915 85416896 
140139404 4625898 5408026 65518510 84383966 0 6392101 77612813 48707872 17074936 
4416480 36963540 55998735 61863043 2092736 6392101 0 65907271 75114657 90250207 
7214447 71294172 50588790 29039343 145679650 77612813 65907271 0 90009839 92041908 
111051008 82686833 41184868 3584407 132970915 48707872 75114657 90009839 0 22344282 
52450590 67590610 64823487 36251516 85416896 17074936 90250207 92041908 22344282 0