0 10328 15925 5374 15826 15907 26784 7737 
10328 0 26091 25556 2166 5744 16806 16193 
15925 26091 0 24422 12806 13601 2711 6280 
5374 25556 24422 0 6284 19597 150 1366 
15826 2166 12806 6284 0 7086 22529 3881 
15907 5744 13601 19597 7086 0 923 26189 
26784 16806 2711 150 22529 923 0 2799 
7737 16193 6280 1366 3881 26189 2799 0