0 383438 1554862 515889 1971972 1547472 1692695 1259139 90024 
383438 0 982155 1741536 347 222252 890401 1430285 1973999 
1554862 982155 0 1317250 1028100 888546 61808 1966936 14706 
515889 1741536 1317250 0 1575908 1786713 1868965 1441592 147078 
1971972 347 1028100 1575908 0 1295781 1865624 391774 1793356 
1547472 222252 888546 1786713 1295781 0 1051600 1356899 1049738 
1692695 890401 61808 1868965 1865624 1051600 0 694086 982777 
1259139 1430285 1966936 1441592 391774 1356899 694086 0 1814492 
90024 1973999 14706 147078 1793356 1049738 982777 1814492 0